1
2
3
4
5
6
7
8
9
10
11
12
13
14
15
16
17
18
19
20
21
22
23
24
26
27
29
30
31
32
33
34
35
36
37
38
39
40
42
44
45
46
47
49
50
3046
3047
3048
3049
3050
3051
3052
3053
3054
3055
3056
3057
3058
3059
3060
3061
3062
3063
3064
3065
3066
3067
3068
3069
3070
3071
3072
3073
3074
3075
3076
3077
3080
3084
3090
3092
3098
3099
3100
3101
3103
3104
3105
3106
3107
3108
3109
3110
3111
3112
3113
3114
3115
3116
3117
3118
3119
3120
3121
3122
3123
3124
3125
3126
3127
3128
3129
3130
3131
3132
3133
3134
3135
3136
3137
3138
3139
3140
3141
3142
3143
3144
6128
6130
6133
6134
6135
6136
6141
6142
6144
6145
6146
6148
6149
6150
6151
6152
6154
6155
6157
6158
6159
6160
6163
6164
6165
6168
6173
6175
6176
6177
6178
6179
6180
6183
6189
9161
9168
9173
9174
9175
9176
9177
9179
9180
9183
9187
9188
9189
9190
9192
9193
9194
9195
9196
9197
9198
9200
9201
9202
9203
9204
9205
9206
9208
9209
9210
9211
9212
9213
9214
9215
9216
9218
9219
9221
9222
9227
9229
9230
9232
9233
9235
9238
9240
9241
9244
9245
9246
9247
9250
9251
9252
9254
9256
9258
9259
9260
9261
9262
9263
9264
9266
9267
9269
9270
9271
9273
9275
9276
9277
9278
9281
9282
9283
9284
9285
9286
9288
9289
9290
9291
9292
9293
9294
9295
9296
9297
9298
9300
9301
9303
9304
9306
9307
9309
9310
9313
9314
9315
9316
9317
9318
9319
9322
9323
9324
9325
9329
9330
9331
9332
9333
9334
9336
9338
9339
9340
9341
9343
9344
9345
9348
9349
9351
9352
9354
9355
9356
9358
9359
9360
9361
9363
9364
9365
9368
9371
9374
9375
9376
9378
9379
9381
9382
9384
9386
9387
9389
9390
9391
9393
9394
9396
9397
9399
9400
9401
9402
9403
9405
9406
9407
9409
9410
9412
9413
9414
9419
9421
9422
9424
9425
9426
9427
9429
9431
9432
9434
9435
9436
9438
9441
9442
9443
9444
9445
9446
9448
9450
9451
9452
9454
9455
9456
9457
9459
9460
9462
9463
9466
9468
9469
9470
9471
9472
9473
9474
9476
9478
9479
9481
9482
9483
9485
9486
9488
9489
9490
9491
9492
9494
9496
9497
9499
9500
9501
9502
9503
9505
9506
9507
9509
9510
9511
9512
9513
9514
9515
9516
9517
9519
9522
9523
9526
9527
9529
9530
9531
9532
9534
9535
9536
9537
9538
9540
9541
9542
9543
9544
9545
9546
9547
9548
9549
9550
9551
9552
9553
9555
9557
9558
9559
9560
9561
9562
9563
9564
9566
9567
9568
9570
9571
9572
9575
9576
9577
9579
9582
9583
9584
9585
9586
9588
9589
9590
9592
9593
9594
9595
9596
9598
9599
9603
9604
9605
9607
9608
9610
9611
9614
9616
9617
9619
9620
9621
9624
9625
9626
9627
9628
9629
9630
9631
9632
9633
9634
9636
9637
9638
9640
9641
9644
9646
9649
9650
9651
9652
9653
9655
9656
9658
9659
9662
9663
9664
9665
9669
9670
9671
9672
9673
9674
9675
9676
9677
9678
9681
9683
9684
9685
9686
9689
9690
9691
9693
9694
9695
9696
9697
9698
9699
9700
9701
9702
9703
9704
9705
9706
9708
9710
9711
9712
9714
9716
9717
9718
9722
9723
9724
9725
9727
9728
9731
9732
9735
9736
9740
9742
9743
9746
9747
9749
9752
9753
9754
9756
9757
9758
9759
9760
9761
9762
9763
9764
9765
9767
9768
9769
9775
9776
9777
9778
9780
9781
9782
9785
9786
9788
9791
9792
9793
9794
9795
9798
9799
9800
9801
9803
9805
9808
9809
9811
9812
9814
9816
9817
9818
9821
9822
9825
9827
9829
9831
9834
9836
9840
9841
9843
9844
9846
9847
9848
9849
9851
9852
9853
9854
9857
9859
9860
9861
9864
9865
9869
9871
9872
9875
9876
9877
9878
9879
9880
9881
9882
9883
9884
9886
9888
9889
9890
9891
9895
9896
9897
9898
9899
9901
9902
9903
9904
9905
9907
9908
9909
9910
9911
9913
9914
9916
9917
9918
9919
9920
9921
9922
9924
9926
9927
9928
9929
9930
9931
9932
9933
9936
9937
9938
9940
9943
9945
9946
9947
9948
9950
9951
9953
9954
9957
9959
9960
9961
9962
9963
9964
9965
9966
9968
9969
9970
9971
9972
9973
10000
