2881
2882
2883
2884
2885
2886
2889
2893
2895
2897
2898
2900
2902
2903
2904
2905
2917
2918
2923
2926
2927
2937
2946
2947
2949
2950
2961
2963
2964
2965
2967
2971
2972
2977
2979
2984
2985
2987
2988
2989
2990
2991
2998
3000
3006
3013
3015
3019
3020
3021
3022
3023
3026
3036
3037
3047
3049
3054
3055
3056
3057
3060
3062
3066
3069
3070
3072
3074
3076
3077
3081
3083
3086
3087
3089
3090
3102
3108
3111
3115
3116
3118
3122
3123
3124
3126
3129
3132
3133
3135
3136
3137
3139
3153
3163
3164
3165
3168
3170
3172
3175
3177
3181
3186
3187
3190
3191
3198
3199
3200
3201
3202
3203
3205
3207
3212
3213
3214
3215
3216
3217
3219
3220
3221
3222
3228
3234
3242
3253
3254
3257
3258
3262
3265
3270
3274
3275
3276
3278
3280
3281
3284
3289
3292
3293
3296
3297
3300
3307
3308
3311
3336
3338
3340
3358
3360
3361
3362
3365
3370
3371
3373
3377
3378
3386
3387
3388
3392
3393
3394
3397
3398
3400
3407
3408
3410
3412
3414
3417
3418
3427
3429
3430
3431
3432
3438
3439
3441
3443
3447
3453
3454
3455
3456
3457
3462
3463
3466
3467
3469
3470
3471
3473
3477
3478
3479
3482
3484
3485
3487
3490
3492
3497
3500
3503
3504
3505
3509
3510
3511
3514
3517
3518
3522
3525
3530
3532
3534
3538
3540
3542
3543
3545
3549
3551
3554
3556
3562
3568
3570
3572
3574
3575
3576
3577
3580
3581
3582
3585
3587
3590
3591
3592
3593
3594
3595
3597
3603
3610
3612
3615
3617
3618
3620
3622
3623
3624
3626
3627
3629
3630
3631
3632
3638
3639
3640
3641
3643
3645
3649
3654
3655
3658
3660
3664
3665
3667
3668
3670
3672
3673
3676
3681
3686
3687
3688
3691
3692
3694
3695
3696
3699
3700
3701
3705
3710
3714
3715
3720
3721
3724
3725
3730
3736
3737
3738
3739
3740
3741
3743
3747
3749
3750
3751
3754
3755
3756
3757
3758
3760
3761
3762
3763
3765
3770
3776
3778
3782
3783
3784
3785
3786
3787
3791
3794
3796
3797
3798
3802
3805
3807
3808
3809
3812
3813
3814
3815
3816
3817
3819
3822
3829
3830
3831
3837
3840
3842
3844
3847
3848
3849
3850
3851
3852
3853
3863
3869
3874
3876
3877
3878
3879
3881
3882
3883
3884
3890
3891
3893
3896
3898
3900
3901
3902
3903
3904
3905
3913
3914
3918
3919
3920
3921
3922
3924
3925
3929
3932
3933
3935
3937
3939
3942
3944
3945
3950
3964
3968
3969
3971
3972
3976
3977
3978
3981
3983
3985
3991
3993
3994
4006
4011
4012
4013
4015
4018
4019
4020
4021
4022
4023
4024
4025
4026
4027
4028
4029
4032
4035
4036
4037
4039
4041
4043
4047
4048
4049
4050
4051
4054
4058
4059
4065
4066
4067
4069
4071
4073
4074
4076
4077
4083
4085
4086
4088
4089
4091
4094
4098
4099
4101
4103
4105
4106
4108
4109
4114
4115
4116
4118
4119
4120
4121
4125
4126
4130
4131
4132
4135
4137
4138
4146
4149
4150
4152
4153
4154
4155
4157
4159
4160
4164
4165
4168
4170
4177
4178
4181
4182
4184
4187
4188
4193
4195
4198
4199
4200
4201
4202
4203
4205
4207
4209
4210
4214
4217
4218
4221
4224
4226
4228
4229
4230
4231
4234
4237
4238
4239
4240
4243
4246
4247
4249
4251
4252
4253
4256
4260
4261
4262
4264
4265
4268
4276
4277
4278
4279
4280
4281
4282
4283
4284
4285
4286
4287
4289
4292
4294
4295
4300
4303
4306
4309
4310
4311
4314
4315
4317
4318
4319
4321
4322
4323
4325
4326
4327
4331
4332
4333
4342
4344
4346
4350
4352
4353
4355
4363
4364
4365
4367
4369
4370
4371
4372
4374
4375
4379
4381
4383
4385
4386
4387
4388
4389
4394
4395
4396
4397
4402
4403
4404
4405
4406
4408
4411
4413
4414
4415
4416
4419
4420
4424
4426
4427
4430
4432
4434
4435
4437
4440
4442
4443
4444
4447
4453
4454
4457
4459
4461
4464
4466
4467
4469
4470
4471
4474
4475
4476
4483
4488
4490
4495
4497
4499
4501
4503
4505
4509
4511
4512
4513
4515
4516
4517
4519
4520
4524
4525
4528
4531
4536
4539
4541
4542
4543
4544
4546
4547
4549
4550
4552
4553
4555
4556
4565
4566
4568
4569
4570
4571
4574
4576
4578
4579
4580
4581
4583
4586
4587
4589
4591
4592
4595
4596
4599
4600
4602
4603
4605
4606
4607
4608
4613
4619
4622
4624
4627
4629
4631
4633
4634
4638
4640
4642
4649
4650
4652
4654
4663
4665
4667
4669
4671
4673
4676
4683
4684
4685
4686
4687
4689
4692
4695
4700
4704
4705
4708
4710
4713
4714
4715
4717
4723
4725
4729
4730
4735
4736
4737
4738
4739
4740
4743
4745
4748
4749
4750
4752
4753
4754
4756
4757
4759
4761
4765
4766
4770
4771
4772
4773
4774
4775
4777
4786
4787
4789
4791
4794
4795
4796
4797
4798
4800
4802
4804
4808
4810
4811
4812
4814
4815
4816
4817
4818
4819
4821
4826
4829
4833
4834
4836
4838
4839
4840
4842
4843
4845
4850
4852
4855
4857
4862
4867
4870
4871
4872
4873
4874
4875
4877
4879
4887
4888
4889
4895
4897
4900
4901
4903
4904
4917
4919
4922
4927
4928
4930
4941
4947
4950
4952
4953
4954
4956
4959
4960
4961
4962
4963
4968
4974
4975
4978
4979
4980
4990
4991
4994
4997
5001
5003
5004
5010
5012
5013
5014
5015
5020
5023
5032
5033
5035
5039
5048
5049
5053
5058
5059
5063
5064
5066
5067
5069
5071
5076
5078
5081
5082
5084
5085
5086
5087
5096
5097
5098
5099
5100
5104
5105
5106
5109
5112
5113
5116
5117
5119
5120
5124
5127
5128
5137
5138
5140
5142
5143
5145
5148
5153
5154
5157
5160
5161
5162
5168
5169
5170
5171
5172
5173
5174
5175
5184
5188
5193
5194
5197
5199
5200
5201
5202
5203
5208
5210
5218
5221
5224
5225
5226
5230
5237
5240
5242
5243
5245
5252
5254
5256
5260
5261
5262
5263
5264
5269
5270
5271
5273
5274
5277
5281
5283
5286
5287
5290
5291
5294
5296
5297
5298
5299
5300
5301
5302
5307
5308
5309
5312
5315
5316
5317
5320
5322
5326
5327
5332
5334
5335
5336
5339
5342
5343
5344
5348
5350
5351
5352
5354
5355
5357
5359
5364
5365
5367
5368
5369
5370
5371
5373
5377
5379
5380
5383
5385
5386
5387
5388
5389
5390
5391
5392
5396
5397
5400
5401
5402
5406
5408
5410
5411
5412
5414
5415
5418
5419
5424
5426
5427
5429
5430
5431
5433
5435
5436
5437
5438
5440
5443
5444
5445
5446
5447
5448
5449
5456
5457
5463
5464
5465
5467
5468
5469
5470
5471
5472
5474
5475
5479
5480
5481
5483
5490
5494
5497
5499
5501
5502
5503
5504
5505
5508
5509
5514
5518
5519
5520
5525
5529
5530
5531
5532
5534
5535
5536
5537
5538
5543
5545
5546
5547
5548
5549
5550
5551
5553
5555
5556
5557
5558
5560
5561
5562
5563
5565
5566
5567
5568
5570
5572
5573
5574
5575
5576
5577
5580
5581
5586
5587
5588
5589
5590
5591
5592
5594
5595
5601
5602
5605
5606
5607
5609
5610
5611
5613
5614
5615
5616
5618
5621
5622
5623
5624
5625
5627
5628
5629
5631
5635
5636
5637
5640
5642
5645
5648
5649
5650
5651
5653
5654
5657
5658
5661
5662
5664
5665
5667
5668
5669
5671
5674
5681
5682
5685
5687
5688
5689
5690
5691
5696
5698
5700
5704
5705
5706
5707
5708
5709
5710
5711
5712
5713
5715
5716
5717
5721
5725
5726
5729
5731
5735
5737
5740
5741
5745
5746
5749
5752
5753
5754
5755
5759
5760
5762
5763
5764
5766
5767
5770
5773
5774
5783
5785
5788
5789
5790
5793
5794
5795
5797
5799
5803
5807
5810
5812
5814
5817
5823
5826
5827
5828
5829
5833
5834
5835
5838
5840
5841
5843
5844
5845
5847
5849
5851
5854
5855
5856
5857
5858
5859
5860
5861
5863
5864
5868
5869
5872
5873
5876
5878
5881
5882
5883
5884
5886
5887
5889
5890
5891
5892
5895
5896
5899
5902
5903
5904
5905
5906
5910
5912
5913
5919
5920
5924
5925
5927
5928
5930
5931
5933
5934
5935
5936
5937
5939
5940
5942
5943
5944
5945
5946
5947
5949
5950
5951
5952
5953
5956
5957
5961
5962
5964
5965
5966
5969
5970
5971
5972
5974
5976
5977
5979
5980
5982
5987
5988
5989
5990
5992
5993
5994
5995
5996
5998
5999
6002
6003
6005
6008
6012
6013
6015
6017
6018
6019
6021
6022
6023
6025
6026
6027
6028
6030
6032
6033
6034
6035
6036
6038
6041
6042
6044
6045
6046
6047
6048
6049
6050
6051
6056
6059
6060
6061
6062
6063
6064
6067
6070
6073
6076
6080
6082
6084
6085
6088
6090
6091
6092
6093
6094
6095
6097
6099
6100
6101
6103
6107
6108
6109
6110
6111
6112
6113
6115
6116
6117
6118
6119
6120
6122
6123
6124
6125
6126
6128
6129
6130
6132
6133
6134
6138
6139
6140
6141
6142
6143
6145
6147
6148
6152
6153
6155
6156
6157
6159
6161
6162
6163
6164
6165
6166
6167
6168
6169
6170
6171
6173
6174
6175
6176
6180
6181
6182
6183
6184
6185
6189
6190
6193
6197
6198
6199
6200
6201
6202
6203
6204
6208
6213
6214
6215
6216
6217
6218
6219
6220
6221
6224
6226
6227
6228
6229
6231
6232
6233
6234
6235
6236
6237
6238
6240
6241
6242
6244
6245
6246
6247
6248
6250
6252
6255
6257
6258
6259
6261
6262
6263
6264
6265
6266
6267
6269
6270
6271
6272
6273
6275
6276
6277
6278
6279
6281
6282
6283
6284
6285
6286
6288
6289
6290
6291
6292
6293
6294
6295
6296
6297
6298
6301
6307
6308
6309
6311
6312
6313
6314
6316
6317
6318
6321
6323
6325
6326
6327
6329
6330
6331
6332
6333
6334
6336
6337
6340
6341
6343
6344
6345
6346
6349
6350
6351
6352
6353
6355
6357
6358
6361
6363
6364
6367
6368
6369
6370
6371
6373
6374
6375
6376
6377
6378
6380
6381
6383
6385
6386
6388
6389
6392
6393
6394
6395
6396
6397
6398
6400
6401
6404
6405
6407
6408
6409
6410
6411
6412
6414
6415
6417
6418
6419
6420
6422
6424
6426
6427
6428
6430
6431
6433
6435
6437
6438
6439
6440
6441
6444
6445
6446
6448
6451
6452
6455
6456
6457
6459
6460
6461
6463
6465
6466
6467
6468
6470
6471
6473
6477
6478
6479
6481
6485
6486
6488
6490
6491
6492
6493
6495
6496
6498
6500
6502
6503
6504
6505
6506
6507
6509
6510
6511
6512
6515
6516
6517
6518
6519
6520
6521
6523
6524
6525
6526
6527
6532
6536
6537
6540
6543
6546
6547
6548
6549
6550
6551
6552
6553
6554
6555
6556
6557
6558
6559
6560
6561
6562
6563
6564
6565
6567
6568
6569
6570
6573
6574
6575
6577
6581
6582
6584
6585
6586
6587
6589
6591
6593
6594
6596
6597
6598
6599
6600
6601
6602
6603
6604
6605
6607
6610
6611
6614
6617
6618
6620
6621
6622
6623
6624
6625
6626
6627
6628
6630
6633
6635
6636
6637
6638
6639
6640
6642
6644
6645
6647
6650
6651
6652
6656
6658
6662
6663
6664
6665
6666
6667
6668
6672
6674
6675
6676
6679
6680
6681
6682
6684
6686
6687
6689
6690
6691
6692
6693
6694
6699
6700
6701
6703
6704
6705
6708
6710
6711
6712
6717
6718
6720
6721
6722
6724
6725
6726
6728
6729
6731
6732
6735
6736
6737
6738
6739
6740
6743
6746
6749
6750
6753
6754
6755
6756
6757
6758
6762
6763
6764
6765
6766
6767
6768
6769
6772
6774
6775
6776
6777
6778
6781
6782
6784
6786
6787
6788
6789
6791
6792
6794
6795
6798
6799
6802
6803
6804
6805
6806
6807
6808
6809
6810
6811
6813
6814
6815
6818
6820
6821
6823
6824
6826
6827
6828
6830
6831
6832
6833
6835
6837
6838
6839
6840
6843
6844
6845
6846
6847
6848
6849
6850
6852
6857
6860
6862
6866
6868
6871
6872
6873
6874
6875
6878
6880
6884
6886
6888
6889
6891
6892
6895
6896
6899
6900
6901
6903
6904
6906
6907
6909
6911
6913
6918
6919
6920
6921
6922
6923
6924
6925
6926
6927
6928
6929
6930
6931
6932
6933
6934
6935
6936
6939
6941
6943
6945
6946
6948
6950
6951
6952
6954
6955
6956
6958
6960
6966
6969
6970
6971
6973
6974
6976
6984
6985
6988
6991
6995
6996
7002
7005
7006
7008
7010
7011
7013
7014
7016
7017
7019
7020
7021
7022
7023
7024
7027
7028
7032
7033
7038
7039
7044
7046
7047
7048
7052
7053
7054
7055
7056
7057
7058
7059
7060
7061
7062
7063
7064
7065
7066
7067
7068
7069
7070
7072
7073
7075
7077
7079
7080
7083
7084
7085
7086
7087
7088
7090
7091
7093
7094
7095
7096
7097
7098
7100
7101
7102
7104
7105
7107
7108
7109
7111
7112
7113
7114
7117
7119
7120
7122
7125
7127
7128
7129
7130
7131
7132
7133
7134
7136
7138
7139
7140
7141
7144
7145
7147
7148
7149
7150
7151
7156
7157
7158
7163
7164
7165
7166
7170
7171
7173
7175
7176
7177
7178
7179
7182
7183
7184
7185
7187
7188
7189
7190
7193
7194
7195
7197
7199
7200
7203
7205
7206
7207
7208
7209
7211
7212
7213
7214
7215
7216
7218
7222
7224
7226
7227
7228
7230
7231
7232
7233
7234
7237
7238
7240
7242
7243
7244
7248
7249
7250
7254
7257
7258
7259
7261
7262
7263
7264
7265
7267
7269
7270
7271
7272
7273
7274
7276
7277
7278
7279
7281
7282
7283
7284
7285
7286
7290
7291
7292
7293
7294
7295
7296
7297
7299
7300
7301
7302
7303
7306
7307
7308
7309
7310
7312
7314
7316
7317
7318
7319
7320
7321
7322
7324
7326
7328
7330
7331
7332
7333
7335
7336
7337
7340
7341
7343
7344
7345
7347
7348
7349
7350
7351
7352
7353
7354
7355
7357
7358
7361
7362
7365
7366
7367
7368
7374
7375
7376
7379
7380
7381
7382
7384
7387
7388
7389
7390
7393
7394
7398
7400
7401
7403
7404
7405
7406
7407
7409
7410
7420
7421
7422
7423
7424
7425
7426
7427
7428
7430
7432
7435
7439
7440
7441
7442
7443
7444
7446
7447
7448
7449
7450
7451
7453
7456
7457
7461
7463
7471
7473
7474
7475
7476
7477
7478
7479
7480
7481
7484
7485
7486
7487
7488
7489
7490
7491
7492
7493
7495
7496
7500
7501
7503
7505
7506
7509
7510
7511
7513
7514
7515
7516
7517
7518
7519
7520
7523
7524
7526
7527
7530
7531
7532
7533
7538
7539
7540
7541
7542
7543
7544
7545
7548
7549
7550
7551
7552
7554
7556
7557
7558
7559
7562
7563
7564
7566
7567
7570
7571
7572
7573
7574
7575
7578
7579
7580
7581
7586
7587
7588
7589
7591
7593
7595
7596
7597
7598
7599
7600
7601
7605
7607
7612
7613
7614
7616
7617
7618
7619
7621
7622
7624
7628
7630
7632
7634
7635
7636
7637
7638
7639
7640
7641
7642
7643
7644
7645
7646
7647
7648
7649
7651
7652
7653
7654
7655
7656
7661
7662
7663
7666
7667
7670
7672
7673
7674
7675
7676
7678
7679
7680
7681
7682
7683
7684
7685
7686
7687
7690
7691
7692
7693
7696
7699
7701
7702
7703
7704
7707
7708
7709
7710
7711
7712
7714
7715
7716
7717
7725
7726
7727
7728
7729
7731
7732
7733
7735
7738
7739
7740
7741
7742
7743
7744
7745
7746
7747
7748
7749
7750
7752
7753
7754
7755
7759
7760
7762
7763
7764
7766
7767
7769
7771
7772
7773
7774
7775
7776
7777
7779
7780
7782
7783
7784
7785
7787
7789
7790
7791
7793
7794
7795
7796
7797
7798
7799
7803
7804
7806
7810
7814
7821
7822
7825
7826
7828
7829
7830
7833
7836
7838
7839
7840
7841
7842
7843
7844
7845
7846
7849
7851
7854
7855
7856
7857
7861
7862
7863
7864
7867
7869
7872
7873
7876
7878
7879
7880
7881
7882
7884
7886
7887
7888
7889
7890
7891
7893
7895
7897
7899
7900
7901
7902
7904
7905
7907
7908
7909
7910
7911
7913
7914
7915
7919
7920
7921
7922
7925
7926
7927
7929
7930
7934
7935
7938
7939
7940
7941
7943
7944
7946
7949
7951
7953
7954
7955
7957
7958
7959
7963
7966
7967
7968
7969
7970
7971
7974
7976
7977
7978
7979
7980
7982
7983
7984
7985
7987
7988
7989
7990
7991
7996
7997
7999
8001
8002
8006
8007
8008
8009
8010
8011
8014
8015
8018
8021
8025
8026
8027
8029
8031
8032
8033
8034
8035
8036
8037
8038
8039
8040
8041
8042
8043
8044
8045
8046
8051
8053
8054
8056
8057
8058
8062
8064
8069
8073
8076
8078
8079
8080
8081
8082
8083
8084
8085
8086
8087
8088
8089
8090
8091
8092
8093
8094
8095
8096
8102
8103
8104
8105
8106
8108
8113
8114
8115
8117
8118
8119
8120
8122
8124
8125
8127
8128
8132
8133
8136
8137
8138
8139
8140
8141
8142
8143
8144
8145
8146
8147
8148
8149
8151
8152
8159
8160
8163
8165
8166
8167
8168
8169
8170
8171
8172
8175
8178
8179
8186
8187
8189
8191
8192
8193
8194
8195
8196
8197
8198
8199
8200
8201
8202
8203
8204
8205
8207
8208
8210
8214
8215
8216
8218
8219
8224
8225
8226
8227
8228
8229
8231
8232
8233
8236
8237
8238
8240
8241
8242
8247
8248
8251
8253
8254
8255
8256
8257
8258
8259
8260
8262
8263
8264
8265
8266
8267
8268
8269
8270
8271
8274
8277
8278
8280
8286
8287
8288
8289
8290
8291
8293
8295
8296
8297
8298
8299
8300
8302
8303
8306
8309
8311
8312
8313
8315
8316
8317
8318
8319
8320
8321
8322
8323
8324
8325
8331
8332
8334
8335
8336
8342
8343
8345
8346
8347
8348
8349
8350
8351
8352
8353
8354
8355
8356
8357
8358
8359
8360
8361
8362
8364
8365
8369
8373
8376
8379
8383
8384
8387
8388
8389
8391
8392
8393
8396
8397
8398
8399
8401
8402
8403
8404
8408
8409
8410
8411
8412
8413
8414
8415
8416
8419
8420
8422
8423
8424
8425
8426
8428
8429
8430
8431
8432
8433
8434
8436
8439
8443
8444
8445
8446
8447
8448
8449
8453
8456
8457
8459
8460
8463
8464
8465
8466
8467
8468
8469
8470
8471
8472
8473
8474
8475
8478
8481
8482
8485
8486
8487
8488
8489
8496
8502
8503
8504
8506
8507
8510
8511
8513
8514
8515
8516
8518
8519
8520
8523
8524
8525
8527
8528
8529
8530
8531
8532
8533
8534
8537
8539
8540
8542
8543
8548
8550
8553
8559
8560
8562
8563
8564
8565
8566
8567
8568
8569
8570
8571
8572
8573
8574
8575
8576
8579
8582
8583
8584
8585
8586
8587
8590
8591
8592
8593
8594
8595
8596
8599
8600
8601
8602
8603
8604
8605
8607
8608
8610
8612
8613
8615
8617
8618
8619
8620
8621
8622
8623
8624
8626
8628
8629
8630
8631
8632
8634
8635
8636
8637
8638
8639
8640
8642
8643
8644
8645
8646
8647
8648
8649
8650
8651
8657
8658
8659
8660
8661
8662
8664
8670
8671
8673
8674
8675
8677
8679
8680
8681
8682
8684
8685
8687
8688
8689
8690
8691
8692
8693
8694
8695
8697
8698
8699
8700
8701
8703
8704
8707
8708
8709
8710
8711
8713
8716
8717
8718
8720
8721
8724
8725
8726
8727
8728
8729
8730
8731
8732
8735
8736
8737
8738
8740
8741
8742
8745
8746
8748
8749
8750
8751
8753
8755
8756
8757
8759
8760
8761
8762
8763
8765
8766
8767
8768
8769
8774
8775
8778
8779
8780
8784
8786
8787
8788
8789
8790
8791
8792
8793
8794
8795
8796
8799
8800
8801
8802
8805
8808
8809
8810
8811
8812
8814
8815
8816
8818
8819
8820
8821
8822
8823
8825
8826
8828
8831
8832
8834
8838
8839
8841
8844
8845
8847
8848
8849
8850
8851
8852
8853
8854
8855
8858
8859
8860
8862
8864
8865
8866
8867
8868
8871
8872
8873
8874
8875
8876
8877
8878
8879
8880
8881
8882
8883
8884
8885
8886
8887
8888
8890
8891
8892
8894
8895
8896
8899
8900
8901
8902
8903
8904
8905
8906
8914
8916
8917
8918
8919
8921
8923
8924
8925
8926
8927
8928
8929
8930
8931
8932
8933
8934
8935
8936
8938
8939
8942
8943
8944
8948
8949
8950
8956
8957
8960
8961
8965
8966
8967
8968
8970
8971
8974
8975
8976
8977
8978
8979
8980
8981
8982
8983
8987
8988
8989
8990
8991
8993
8994
8997
8999
9000
9001
9002
9004
9005
9006
9007
9010
9013
9014
9016
9017
9019
9020
9021
9022
9024
9026
9027
9028
9030
9031
9032
9034
9037
9038
9039
9041
9042
9043
9045
9047
9048
9049
9050
9051
9052
9053
9054
9055
9056
9057
9058
9059
9060
9061
9063
9064
9068
9069
9077
9078
9080
9082
9083
9084
9085
9087
9089
9090
9091
9092
9094
9095
9096
9097
9098
9099
9100
9102
9104
9105
9107
9108
9109
9112
9113
9114
9115
9116
9117
9118
9119
9120
9121
9123
9124
9125
9130
9131
9133
9136
9137
9142
9145
9146
9147
9148
9149
9150
9152
9153
9155
9156
9157
9158
9159
9160
9161
9162
9163
9164
9165
9166
9167
9169
9171
9174
9175
9176
9180
9181
9183
9184
9185
9186
9187
9188
9189
9190
9191
9193
9194
9195
9196
9197
9198
9200
9201
9202
9205
9206
9207
9208
9209
9211
9212
9214
9215
9218
9219
9220
9221
9222
9223
9224
9225
9226
9227
9228
9229
9230
9232
9237
9240
9244
9246
9247
9248
9250
9251
9252
9253
9256
9258
9259
9260
9262
9263
9264
9265
9266
9267
9268
9270
9271
9272
9275
9277
9280
9281
9282
9284
9285
9286
9288
9289
9292
9293
9295
9296
9297
9298
9300
9301
9302
9303
9304
9305
9306
9309
9310
9311
9312
9316
9317
9318
9319
9320
9321
9322
9323
9324
9327
9330
9331
9332
9334
9337
9338
9339
9340
9341
9342
9343
9344
9345
9347
9350
9352
9353
9355
9356
9357
9358
9359
9360
9362
9363
9365
9366
9367
9368
9369
9372
9374
9375
9376
9377
9379
9380
9381
9382
9383
9384
9386
9390
9391
9393
9394
9396
9399
9400
9401
9403
9404
9405
9406
9407
9408
9409
9410
9411
9412
9415
9416
9418
9421
9426
9428
9429
9430
9431
9433
9434
9436
9437
9438
9439
9440
9441
9442
9447
9448
9449
9450
9452
9453
9454
9455
9456
9457
9458
9459
9460
9461
9462
9464
9465
9467
9468
9472
9473
9474
9475
9476
9477
9478
9479
9480
9481
9482
9484
9485
9486
9487
9488
9496
9497
9498
9500
9501
9502
9503
9504
9507
9510
9511
9513
9514
9515
9516
9518
9519
9520
9521
9524
9525
9526
9527
9528
9532
9533
9534
9535
9536
9537
9538
9543
9544
9545
9546
9547
9548
9549
9553
9555
9556
9557
9558
9560
9561
9562
9563
9564
9567
9568
9569
9570
9571
9572
9573
9574
9576
9579
9580
9581
9586
9587
9590
9595
9596
9600
9601
9602
9604
9605
9606
9607
9608
9609
9610
9612
9613
9614
9615
9617
9618
9619
9620
9621
9622
9623
9624
9625
9627
9630
9632
9634
9635
9637
9638
9639
9644
9645
9647
9648
9649
9653
9655
9660
9661
9662
9663
9665
9666
9667
9670
9671
9674
9675
9676
9677
9679
9680
9683
9684
9685
9691
9692
9693
9695
9697
9698
9699
9701
9703
9704
9706
9711
9712
9713
9714
9716
9717
9719
9720
9721
9722
9723
9725
9727
9729
9730
9731
9732
9733
9734
9735
9737
9738
9739
9741
9742
9746
9749
9750
9751
9753
9754
9756
9757
9761
9763
9765
9767
9768
9769
9770
9771
9772
9773
9776
9777
9778
9779
9780
9781
9782
9783
9784
9785
9787
9788
9789
9791
9792
9793
9794
9795
9799
9804
9805
9808
9813
9815
9816
9817
9820
9821
9825
9826
9827
9828
9829
9830
9831
9832
9833
9834
9835
9836
9837
9838
9839
9840
9843
9844
9845
9846
9847
9850
9851
9853
9854
9855
9856
9860
9861
9862
9863
9865
9873
9874
9875
9880
9881
9882
9884
9885
9886
9887
9888
9889
9890
9891
9892
9893
9894
9895
9896
9897
9898
9899
9900
9901
9902
9903
9904
9905
9906
9908
9909
9910
9913
9915
9916
9917
9918
9919
9924
9925
9926
9927
9929
9930
9931
9933
9935
9937
9938
9941
9942
9943
9944
9945
9947
9948
9949
9950
9952
9955
9956
9957
9959
9960
9961
9962
9963
9964
9965
9966
9967
9968
9969
9970
9971
9973
10000
